111.19534300  30.00000000
110.02235400  30.00000000
108.84936500  30.00000000
107.67637600  30.00000000
106.50338700  30.00000000
105.33039900  30.00000000
104.15740200  30.00000000
102.98441300  30.00000000
102.81969500  31.00000000
102.44039200  32.00000000
101.62785300  33.00000000
 99.96820100  34.00000000
 99.49002800  35.00000000
 98.98384900  36.00000000
 98.41795300  37.00000000
 98.43102300  39.00000000
 97.79803500  40.00000000
 96.90284700  42.00000000
 95.85961100  44.00000000
 95.03743000  45.00000000
 95.09083600  47.00000000
 95.22828700  49.00000000
 94.74192100  50.00000000
 94.79383900  52.00000000
 94.21704900  53.00000000
 93.22402200  54.00000000
 91.48090400  56.00000000
 90.70156100  57.00000000
 90.38196600  58.00000000
 89.49259200  59.00000000
 90.56307200  60.00000000
 91.16091900  61.00000000
 92.81061500  64.00000000
 91.25684400  66.00000000
 92.96463800  69.00000000
 94.68202200  70.00000000
 99.76119200  72.00000000
 99.16004200  76.00000000
 94.56449900  79.00000000
 99.58522000  80.00000000
105.28302000  82.00000000
118.72340400  83.00000000
127.31707800  84.00000000
136.09756500  84.00000000
144.87805200  84.00000000
153.65853900  84.00000000
162.43902600  84.00000000
171.21951300  84.00000000
180.00000000  84.00000000
188.78048700  84.00000000
197.56097400  84.00000000
206.34147600  84.00000000
215.12196400  84.00000000
223.90245100  84.00000000
232.68293800  84.00000000
248.93617200  83.00000000
276.46670500  81.00000000
282.57714800  80.00000000
282.28768900  79.00000000
281.69128400  78.00000000
282.06304900  77.00000000
285.59643600  75.00000000
285.86267100  74.00000000
288.54937700  72.00000000
291.82647700  71.00000000
295.36370800  69.00000000
297.13134800  67.00000000
297.21643100  66.00000000
297.82852200  65.00000000
297.98272700  64.00000000
298.64605700  63.00000000
297.09970100  60.00000000
296.00286900  59.00000000
294.98904400  58.00000000
293.61856100  57.00000000
292.81323200  56.00000000
292.10434000  55.00000000
291.82647700  54.00000000
291.64285300  53.00000000
291.13665800  52.00000000
289.26071200  50.00000000
288.95455900  49.00000000
287.22827100  46.00000000
285.52246100  44.00000000
284.69186400  42.00000000
284.77102700  41.00000000
283.40020800  39.00000000
282.63125600  38.00000000
282.33740200  37.00000000
280.11975100  35.00000000
279.71978800  34.00000000
279.35232500  33.00000000
279.33850100  31.00000000
278.93292200  30.00000000
277.75991800  30.00000000
276.58694500  30.00000000
275.41394000  30.00000000
274.24096700  30.00000000
273.06796300  30.00000000
271.89495800  30.00000000
270.72198500  30.00000000
269.54901100  30.00000000
268.37597700  30.00000000
267.20300300  30.00000000
266.03002900  30.00000000
264.85702500  30.00000000
263.68402100  30.00000000
262.51104700  30.00000000
261.33807400  30.00000000
260.16507000  30.00000000
258.99206500  30.00000000
257.81909200  30.00000000
256.64611800  30.00000000
255.47312900  30.00000000
254.30014000  30.00000000
253.12715100  30.00000000
251.95416300  30.00000000
250.78112800  30.00000000
249.60813900  30.00000000
248.43515000  30.00000000
247.26216100  30.00000000
246.08920300  30.00000000
244.91621400  30.00000000
243.74322500  30.00000000
242.57022100  30.00000000
241.39723200  30.00000000
240.22424300  30.00000000
239.05125400  30.00000000
237.87826500  30.00000000
236.70526100  30.00000000
235.53228800  30.00000000
234.35928300  30.00000000
233.18631000  30.00000000
232.01330600  30.00000000
230.84031700  30.00000000
229.66732800  30.00000000
228.49433900  30.00000000
227.32135000  30.00000000
226.14836100  30.00000000
224.97537200  30.00000000
223.80238300  30.00000000
222.62939500  30.00000000
221.45639000  30.00000000
220.28341700  30.00000000
219.11041300  30.00000000
217.93743900  30.00000000
216.76443500  30.00000000
215.59146100  30.00000000
214.41845700  30.00000000
213.24546800  30.00000000
212.07247900  30.00000000
210.89949000  30.00000000
209.72650100  30.00000000
208.55351300  30.00000000
207.38052400  30.00000000
206.20753500  30.00000000
205.03454600  30.00000000
203.86154200  30.00000000
202.68856800  30.00000000
201.51556400  30.00000000
200.34259000  30.00000000
199.16958600  30.00000000
197.99661300  30.00000000
198.77960200  30.00000000
196.82360800  30.00000000
197.59491000  30.00000000
198.22518900  30.00000000
195.65062000  30.00000000
196.41021700  30.00000000
197.02787800  30.00000000
197.13964800  30.00000000
195.22552500  30.00000000
194.47763100  30.00000000
195.93063400  30.00000000
194.63327000  30.00000000
194.04083300  30.00000000
194.75366200  30.00000000
194.12381000  30.00000000
193.30464200  30.00000000
193.43594400  30.00000000
192.85614000  30.00000000
192.30360400  30.00000000
192.23864700  30.00000000
192.13165300  30.00000000
191.67144800  30.00000000
191.04132100  30.00000000
189.88559000  30.00000000
190.48675500  30.00000000
190.95866400  30.00000000
188.67657500  30.00000000
188.64671300  30.00000000
189.30206300  30.00000000
189.78567500  30.00000000
188.11737100  30.00000000
188.61267100  30.00000000
187.43969700  30.00000000
186.26669300  30.00000000
185.09371900  30.00000000
183.92071500  30.00000000
182.74774200  30.00000000
181.57473800  30.00000000
180.40174900  30.00000000
179.22876000  30.00000000
178.05577100  30.00000000
176.88278200  30.00000000
175.70979300  30.00000000
174.53680400  30.00000000
173.36381500  30.00000000
172.19082600  30.00000000
171.01783800  30.00000000
169.84484900  30.00000000
168.67184400  30.00000000
167.49887100  30.00000000
166.32586700  30.00000000
165.15287800  30.00000000
163.97988900  30.00000000
162.80690000  30.00000000
161.63391100  30.00000000
160.46092200  30.00000000
159.28793300  30.00000000
158.11494400  30.00000000
156.94195600  30.00000000
155.76896700  30.00000000
154.59597800  30.00000000
153.42297400  30.00000000
152.25000000  30.00000000
151.07699600  30.00000000
149.90402200  30.00000000
148.73101800  30.00000000
147.55802900  30.00000000
146.38504000  30.00000000
145.21205100  30.00000000
144.03906200  30.00000000
142.86607400  30.00000000
141.69308500  30.00000000
140.52009600  30.00000000
139.34710700  30.00000000
138.17411800  30.00000000
137.00112900  30.00000000
135.82812500  30.00000000
134.65515100  30.00000000
133.48214700  30.00000000
132.30915800  30.00000000
131.13616900  30.00000000
129.96318100  30.00000000
128.79019200  30.00000000
127.61720300  30.00000000
126.44421400  30.00000000
125.27121700  30.00000000
124.09822800  30.00000000
122.92525500  30.00000000
121.75225100  30.00000000
120.57925400  30.00000000
119.40627300  30.00000000
118.23328400  30.00000000
117.06029500  30.00000000
115.88730600  30.00000000
114.71431700  30.00000000
113.54132100  30.00000000
112.36833200  30.00000000
111.19534300  30.00000000
